   5.330069813      -0.110337133       0.020411704
  -0.110330581       5.401783379       0.030206809
   0.020416237       0.030202627       5.165878032
   5.384539924      -0.092949487       0.024868084
  -0.092959727       5.456808826      -0.005035023
   0.024869531      -0.005035430       5.171826387
   5.462289525       0.140437197       0.038670665
   0.140445382       5.526541355      -0.006454194
   0.038670971      -0.006454126       5.139722842
   5.375997162       0.098829528       0.013740655
   0.098827195       5.499216407      -0.021526761
   0.013735729      -0.021525572       5.114732003
   5.327697546       0.040574635       0.006367485
   0.040574103       5.488416829      -0.015997249
   0.006367245      -0.015997128       5.153406511
   5.334679551      -0.208851535       0.009748176
  -0.208843683       5.402004967       0.011992705
   0.009751134       0.011991474       5.142775330
   5.400877160      -0.185935031      -0.030470798
  -0.185927504       5.494850732       0.000415128
  -0.030468751       0.000416170       5.116374143
   5.462692391      -0.027283206      -0.006819175
  -0.027286049       5.535211327       0.009753852
  -0.006822323       0.009755059       5.100445864
   5.438306176       0.110829472      -0.013981752
   0.110829990       5.544160086       0.007307091
  -0.013981849       0.007307058       5.126067785
   5.393668711       0.128543058      -0.042276139
   0.128542931       5.502724794      -0.009704510
  -0.042273703      -0.009701670       5.126777502
   5.317940576      -0.040842925      -0.068265688
  -0.040845289       5.415927777       0.034400715
  -0.068267941       0.034401032       5.187284878
   5.314440140      -0.042937496      -0.078751396
  -0.042939651       5.335540596       0.039492122
  -0.078754035       0.039492769       5.179604553
   5.338486168      -0.051317569      -0.045439957
  -0.051316664       5.395399302       0.027068707
  -0.045440518       0.027066978       5.124684956
   5.350614772       0.040543040      -0.024876315
   0.040542143       5.449558884       0.024742003
  -0.024874784       0.024735970       5.129752600
   5.466793816       0.108236904      -0.032000310
   0.108234688       5.558011974       0.030884951
  -0.031999081       0.030883621       5.131532159
   5.463618319       0.059593227      -0.022584998
   0.059596987       5.540211251      -0.020875276
  -0.022586250      -0.020873996       5.149828770
   5.456707586      -0.021032539       0.000391255
  -0.021030292       5.581312210      -0.004019098
   0.000389914      -0.004018731       5.125016010
   5.334553621       0.004207041       0.001272156
   0.004201084       5.405852189       0.005800556
   0.001269190       0.005804306       5.135475402
   5.338513069      -0.025940831      -0.016653395
  -0.025935260       5.436865423      -0.006909301
  -0.016654692      -0.006906942       5.097085379
   5.305790839       0.001799621       0.017774675
   0.001802678       5.415211739      -0.004048048
   0.017773471      -0.004048836       5.113808089
   5.283241978       0.004533491       0.041021866
   0.004528344       5.380360457      -0.012079250
   0.041021758      -0.012081729       5.158291038
   5.280291222      -0.009463479       0.021979541
  -0.009457060       5.376441168      -0.014822946
   0.021980629      -0.014819750       5.220391365
   5.300263465      -0.105482536      -0.011207658
  -0.105486982       5.416916427      -0.017595814
  -0.011203425      -0.017594927       5.190537151
   5.326895606       0.098947602      -0.009882598
   0.098950146       5.406481604       0.011109345
  -0.009878914       0.011106676       5.160418164
   5.296229078       0.040890465       0.015043071
   0.040888492       5.375728325       0.006781202
   0.015042443       0.006780582       5.120045325
   5.378988660       0.108985388       0.011500363
   0.108986533       5.455142596       0.012765409
   0.011500863       0.012764649       5.165008387
   5.386499564       0.030695486       0.020689003
   0.030691953       5.454346191       0.023851466
   0.020687202       0.023849561       5.153755554
   5.358908906      -0.069863124       0.010391243
  -0.069870513       5.453460903       0.000120126
   0.010390641       0.000120105       5.153252994
   5.329957801      -0.072258279       0.017884840
  -0.072257081       5.474958353      -0.004435451
   0.017882291      -0.004434884       5.118379939
   5.381575557      -0.039897472      -0.003934466
  -0.039898811       5.515452860      -0.005064759
  -0.003935324      -0.005063946       5.071985459
   5.348897821      -0.035761658       0.001552732
  -0.035766640       5.463372600       0.019467580
   0.001551018       0.019465915       5.094515805
   5.432495838       0.041982633       0.002488080
   0.041990289       5.530838659       0.001145535
   0.002488820       0.001145641       5.106971433
   5.392725963      -0.024892515      -0.006375753
  -0.024888290       5.462314813       0.017597477
  -0.006374307       0.017595749       5.180237734
   5.322158046      -0.017016453      -0.023881737
  -0.017022726       5.467509650       0.020969629
  -0.023882207       0.020965750       5.206559171
   5.358986076      -0.041941625      -0.050584797
  -0.041933463       5.479300268       0.018066446
  -0.050585518       0.018066012       5.208565565
   5.429099068      -0.083192616      -0.050251829
  -0.083192845       5.495400737      -0.006179611
  -0.050249457      -0.006179125       5.138220940
   5.377966126       0.031130841      -0.017677639
   0.031127719       5.502477263       0.000849337
  -0.017677022       0.000847963       5.118206309
   5.373983731      -0.002735017      -0.021086668
  -0.002730335       5.562889883       0.002090635
  -0.021088568       0.002091825       5.158881542
   5.400948051       0.005452319      -0.025121104
   0.005448239       5.541881607      -0.001475192
  -0.025120132      -0.001475556       5.142902812
   5.438698927       0.015233879      -0.004295712
   0.015229079       5.541957130      -0.000531384
  -0.004297081      -0.000533401       5.124578731
   5.417261670       0.017344535      -0.011572991
   0.017351832       5.535896319      -0.003211796
  -0.011574135      -0.003214058       5.097114634
   5.370276242      -0.005141179      -0.006663997
  -0.005143964       5.423617020      -0.006262322
  -0.006665673      -0.006260572       5.132889333
   5.291011248      -0.073287489      -0.012446473
  -0.073283118       5.376900929      -0.001630173
  -0.012451074      -0.001631532       5.230199998
   5.317469916       0.024590905      -0.024255326
   0.024592978       5.451020428      -0.001970486
  -0.024255936      -0.001973662       5.219012451
   5.420588421      -0.037529368      -0.011956828
  -0.037530579       5.555994198      -0.002814512
  -0.011954739      -0.002813399       5.170790354
   5.435462144       0.048015291       0.026668685
   0.048018852       5.557763439       0.000649082
   0.026667560       0.000648942       5.132541598
   5.446051277      -0.007833154       0.032807630
  -0.007833241       5.530013544      -0.012904653
   0.032807955      -0.012904025       5.115985269
   5.380830904       0.020719180       0.022240196
   0.020720365       5.475261861      -0.029453486
   0.022241849      -0.029451918       5.186787026
   5.397672475       0.123212438       0.011999420
   0.123214657       5.495575732      -0.032379862
   0.011997481      -0.032380480       5.192104103
   5.405389194       0.045302007       0.019753600
   0.045299600       5.463623713      -0.009092856
   0.019754502      -0.009092294       5.165102339
   5.425958395       0.023052383       0.002267093
   0.023049361       5.511052864       0.002762860
   0.002267191       0.002761561       5.114660905
   5.376577068      -0.004539750      -0.014253208
  -0.004535619       5.494880855       0.009685313
  -0.014255320       0.009684832       5.097609685
   5.380766569      -0.005235524      -0.022651119
  -0.005237195       5.480751972      -0.007306639
  -0.022651180      -0.007305967       5.122666917
   5.381963961       0.099382518      -0.019238173
   0.099386281       5.501702145      -0.004636945
  -0.019237670      -0.004637387       5.111565259
   5.328796011       0.133012870       0.001678643
   0.133012790       5.456186746       0.013652342
   0.001679647       0.013652311       5.151676129
   5.354878183       0.078711597       0.002881777
   0.078709099       5.444115434       0.011072666
   0.002880477       0.011073477       5.112321096
   5.365308290      -0.106492025      -0.011069157
  -0.106479068       5.431444141       0.013058546
  -0.011069196       0.013058947       5.134920705
   5.418405823      -0.164248430      -0.023048978
  -0.164247703       5.468306520       0.013175403
  -0.023048763       0.013173790       5.136384236
   5.363333830      -0.112585789      -0.053607456
  -0.112593302       5.464961431       0.029590475
  -0.053604348       0.029588483       5.204602234
   5.372751827      -0.014881679      -0.040957314
  -0.014873143       5.552604972       0.022549638
  -0.040957575       0.022552593       5.187134789
   5.368304670       0.129269853      -0.009739042
   0.129266728       5.537533084       0.007979114
  -0.009741538       0.007980695       5.177855411
   5.397969597       0.072723137      -0.007616026
   0.072720104       5.511775133       0.009375408
  -0.007618126       0.009377967       5.149250027
   5.327079855      -0.002368632      -0.009055975
  -0.002363737       5.431777604      -0.029841049
  -0.009057601      -0.029837994       5.153515860
   5.307932001      -0.108706404       0.009372577
  -0.108707640       5.390088143      -0.036095875
   0.009372727      -0.036095753       5.181057685
   5.381687939      -0.051772731       0.020231122
  -0.051769212       5.448508724      -0.022136262
   0.020237248      -0.022139140       5.150382321
   5.416976322       0.067576729       0.030680179
   0.067579777       5.508312770      -0.020356667
   0.030682958      -0.020361307       5.149855984
   5.492953264       0.141657596      -0.000011918
   0.141657805       5.589791965      -0.023513508
  -0.000009604      -0.023513552       5.187188922
   5.461709472       0.092998449       0.019151312
   0.093000068       5.529160810      -0.014938896
   0.019153518      -0.014937873       5.202791002
   5.417537622       0.009000886       0.045343176
   0.009001372       5.470997810       0.002418518
   0.045340951       0.002418166       5.156167578
   5.392798633      -0.044166053       0.003287598
  -0.044166315       5.455359945      -0.010379210
   0.003284074      -0.010377971       5.122238017
   5.399139210      -0.056078670      -0.018076554
  -0.056077658       5.523978296      -0.007061170
  -0.018077709      -0.007062741       5.098811417
   5.411778693      -0.001046165      -0.029262009
  -0.001053504       5.483493240      -0.003483782
  -0.029260698      -0.003483569       5.179186539
   5.386081290       0.110610558       0.005958805
   0.110609439       5.462354310      -0.001103203
   0.005957063      -0.001101147       5.196205238
   5.451302459       0.129875823       0.002559420
   0.129881856       5.561823648       0.007259675
   0.002559836       0.007262184       5.138108118
   5.420090809       0.044970538       0.019238596
   0.044968983       5.528794329      -0.004898531
   0.019238488      -0.004895958       5.146907271
   5.372240891      -0.058444167       0.010383776
  -0.058437328       5.442368739      -0.016758958
   0.010383879      -0.016755281       5.154928705
   5.352227327      -0.122465110      -0.020386862
  -0.122467408       5.438150419      -0.034304951
  -0.020384304      -0.034304467       5.194139236
   5.355948731      -0.124259967      -0.005499795
  -0.124257957       5.464889952      -0.019139179
  -0.005499896      -0.019140398       5.218339907
   5.397115874      -0.060747598       0.005614925
  -0.060747659       5.464974969      -0.012286646
   0.005616731      -0.012288877       5.195411463
   5.396683517       0.104336476      -0.002581669
   0.104333951       5.483316636      -0.004172462
  -0.002576814      -0.004173610       5.169768164
   5.382811391       0.076634720       0.002836833
   0.076639727       5.516813799       0.012701298
   0.002836623       0.012698965       5.183740581
   5.424691804      -0.022081569      -0.006347070
  -0.022084403       5.476245717      -0.010266478
  -0.006346973      -0.010264907       5.162343386
   5.395319940      -0.012622872       0.007762123
  -0.012624371       5.451864953      -0.008385671
   0.007766049      -0.008384100       5.192342852
   5.384050480      -0.113879316       0.033105717
  -0.113873354       5.433911090      -0.016160778
   0.033105440      -0.016160601       5.170448583
   5.367358685       0.020107602       0.040196777
   0.020105927       5.388975917       0.004985454
   0.040195782       0.004986419       5.151579705
   5.328821653       0.035485649       0.031694744
   0.035483597       5.411527091       0.007200917
   0.031698908       0.007202040       5.128378344
   5.332172892      -0.059166353       0.022370742
  -0.059163156       5.440993887       0.019285193
   0.022373477       0.019283515       5.154266342
   5.372770924      -0.034135947      -0.025733548
  -0.034140190       5.457123951       0.017387064
  -0.025733467       0.017384404       5.178369352
   5.386680487      -0.024363055      -0.008412897
  -0.024358332       5.488853969       0.018270898
  -0.008414957       0.018267984       5.161757537
   5.418874153      -0.054737736      -0.002293340
  -0.054741246       5.544955113      -0.001920353
  -0.002296993      -0.001922291       5.153447658
   5.366188638      -0.046907976      -0.004392718
  -0.046907343       5.490789634      -0.015759216
  -0.004390400      -0.015759403       5.162400350
   5.387020510      -0.097507846      -0.009291144
  -0.097507563       5.492626776      -0.012390312
  -0.009290461      -0.012390300       5.224519427
   5.446532955      -0.018217762      -0.021095423
  -0.018221519       5.564802361      -0.008113229
  -0.021096938      -0.008112690       5.144742911
   5.485886267       0.015014766      -0.036643449
   0.015018116       5.580333266      -0.007877781
  -0.036644288      -0.007876475       5.131567472
   5.404197074      -0.018508352      -0.046274204
  -0.018509474       5.518929389      -0.026465147
  -0.046273736      -0.026462943       5.155196658
   5.366598504      -0.089283346      -0.007068383
  -0.089289702       5.470267964      -0.018561849
  -0.007068986      -0.018561084       5.146819381
   5.337720033      -0.057214234      -0.024339950
  -0.057208978       5.428532718       0.003986721
  -0.024340333       0.003986012       5.154122436
   5.340037248       0.024057842      -0.004834705
   0.024055099       5.434062002      -0.001326282
  -0.004833509      -0.001325163       5.185487205
   5.412227123       0.061618820      -0.014642917
   0.061616469       5.499598896      -0.017579511
  -0.014641819      -0.017580223       5.103103743
   5.437328670      -0.012300079      -0.000819989
  -0.012294575       5.545264153      -0.016845549
  -0.000823723      -0.016846447       5.118110919
   5.486570457       0.030865762      -0.030202002
   0.030867270       5.589800469      -0.007940647
  -0.030203206      -0.007940637       5.105044424
   5.456887131      -0.004129634      -0.009961523
  -0.004128870       5.563724304      -0.004734759
  -0.009963146      -0.004736182       5.107649769
   5.367014397       0.027561726      -0.036097425
   0.027562157       5.503652771      -0.020321745
  -0.036098754      -0.020321006       5.119842343
   5.324992373       0.089242848      -0.042086994
   0.089237930       5.448486615      -0.012421176
  -0.042087237      -0.012421447       5.149165300
   5.356662358       0.120003392      -0.047781031
   0.120008783       5.434579670      -0.012714310
  -0.047779022      -0.012713807       5.187179806
   5.346379103      -0.059323835      -0.017905924
  -0.059330448       5.478235360      -0.009500555
  -0.017904440      -0.009500679       5.153794845
   5.416259323      -0.077529191      -0.018759285
  -0.077530505       5.528773993      -0.040842807
  -0.018756797      -0.040840727       5.146746547
   5.433355419      -0.021794714      -0.004341547
  -0.021793458       5.543429249      -0.026723682
  -0.004341890      -0.026720378       5.103231613
   5.431220914      -0.000528246       0.012329555
  -0.000530319       5.583622861       0.004163412
   0.012326608       0.004162180       5.111291572
   5.429962212       0.155111240      -0.030147540
   0.155111104       5.517970081      -0.009074873
  -0.030147302      -0.009075771       5.105453832
   5.410910694       0.110025256      -0.024281537
   0.110026500       5.542330457      -0.006738716
  -0.024280061      -0.006739648       5.079317634
   5.349318695       0.019355286      -0.018300653
   0.019356473       5.508122360      -0.019495698
  -0.018302054      -0.019495749       5.084705514
   5.415883720      -0.032734408      -0.015647052
  -0.032735079       5.511541640      -0.012864267
  -0.015645998      -0.012863458       5.138192955
   5.390627770      -0.003100481       0.001444750
  -0.003099732       5.481252534       0.000658716
   0.001446575       0.000659590       5.144623385
   5.438719121       0.066471923       0.022876712
   0.066470710       5.545279377       0.010757976
   0.022875669       0.010758380       5.077296918
   5.391834942       0.211265119       0.016967465
   0.211263200       5.502058261      -0.001502059
   0.016968803      -0.001500004       5.106071813
   5.398172075       0.040443097      -0.003195639
   0.040440193       5.518766792       0.025643719
  -0.003195315       0.025643778       5.162931324
   5.320465327       0.016168587      -0.019973121
   0.016168634       5.433229163       0.016088252
  -0.019974565       0.016087618       5.186277764
   5.315384727      -0.058652810      -0.050260438
  -0.058656321       5.401496404       0.008013669
  -0.050259631       0.008012753       5.184829705
   5.408431379      -0.038189919      -0.040729673
  -0.038195817       5.476069529       0.002839470
  -0.040728080       0.002837997       5.145972148
   5.395955302       0.121349598      -0.018967079
   0.121354284       5.497614443      -0.004636741
  -0.018968270      -0.004637881       5.101306704
   5.468508759       0.029522104      -0.011597245
   0.029521531       5.546069214       0.009544302
  -0.011597113       0.009544719       5.131432198
   5.488140625      -0.022206564      -0.027559145
  -0.022208689       5.572483308      -0.000020447
  -0.027560193      -0.000018366       5.157245563
   5.455890713      -0.029559538      -0.012194600
  -0.029554819       5.543179384      -0.028613527
  -0.012198116      -0.028611862       5.165998205
   5.368841338      -0.042770842      -0.030693585
  -0.042771533       5.455652188      -0.032223048
  -0.030695074      -0.032222383       5.171554570
   5.319113595      -0.047269897      -0.050109421
  -0.047267491       5.386356284       0.009501869
  -0.050108368       0.009501553       5.196413952
   5.263346216      -0.000904776      -0.057955719
  -0.000907034       5.310862677      -0.001402914
  -0.057956640      -0.001403233       5.182257111
   5.284113958       0.076771120      -0.071733431
   0.076772293       5.381892761      -0.001745383
  -0.071735204      -0.001744589       5.191178214
   5.334523625       0.002161170      -0.048159196
   0.002160804       5.459428562       0.016919204
  -0.048160110       0.016918367       5.179411895
   5.447065951       0.070922453      -0.046823623
   0.070920241       5.520045217       0.002763282
  -0.046825921       0.002762291       5.168433052
   5.526482870      -0.050083823      -0.030051247
  -0.050081503       5.595033705      -0.010681485
  -0.030053562      -0.010679481       5.082073897
   5.532236332       0.023377344      -0.011557992
   0.023379164       5.617445314      -0.018802163
  -0.011559236      -0.018802572       5.122065604
   5.525859958       0.092375497       0.020626037
   0.092378321       5.626182647      -0.021287109
   0.020625682      -0.021288043       5.118130707
   5.426267498      -0.000715682       0.000557122
  -0.000710781       5.498973360       0.009609294
   0.000558515       0.009609312       5.162872265
   5.316904904       0.048000373      -0.026865623
   0.048000642       5.432896495       0.021535038
  -0.026864927       0.021537986       5.173317713
   5.286476646      -0.032918308      -0.019598810
  -0.032913219       5.385360524       0.039730820
  -0.019597069       0.039730868       5.150865499
   5.293784408      -0.003669706      -0.018919163
  -0.003671272       5.416300853       0.040320417
  -0.018917369       0.040319485       5.135970158
   5.369318359       0.075475136      -0.019401457
   0.075476132       5.474622278       0.034648108
  -0.019400569       0.034646746       5.139067147
   5.433065332       0.048397623      -0.011108365
   0.048402429       5.539519748       0.012501431
  -0.011106456       0.012500851       5.111493850
   5.423349357       0.055546937       0.008554277
   0.055543471       5.548222301      -0.035410244
   0.008554136      -0.035411175       5.158000601
   5.503369520      -0.005305249       0.009586047
  -0.005300396       5.580465879      -0.023540530
   0.009585359      -0.023542928       5.090402263
   5.469409120       0.056586960      -0.005285442
   0.056587210       5.563208163      -0.007402719
  -0.005285193      -0.007402883       5.117406679
   5.389072093       0.031293269      -0.010474757
   0.031291728       5.511624178      -0.011873952
  -0.010473291      -0.011872469       5.128255285
   5.359281049       0.015864701      -0.008262824
   0.015865140       5.463446541      -0.017598349
  -0.008260567      -0.017598610       5.113305611
   5.332639076      -0.028443621       0.021669943
  -0.028444437       5.402600220      -0.016972027
   0.021670898      -0.016972355       5.152370969
   5.385223595      -0.079824950       0.022129109
  -0.079826479       5.449665750      -0.002331193
   0.022129858      -0.002331059       5.136014666
   5.461494610      -0.060775794       0.021020262
  -0.060778034       5.540425907      -0.006779930
   0.021019318      -0.006780322       5.091756470
   5.480478118      -0.013411470       0.007486354
  -0.013405615       5.556084624      -0.005986279
   0.007486345      -0.005986839       5.112977812
   5.430506680       0.052786475      -0.005838592
   0.052788325       5.529851209      -0.002475659
  -0.005839679      -0.002474560       5.163599880
   5.422818572       0.051439180      -0.004060220
   0.051438897       5.441109516       0.012225086
  -0.004061364       0.012225494       5.175420123
   5.367532981       0.075615738      -0.014493400
   0.075613058       5.407243820       0.002276378
  -0.014491592       0.002277144       5.150483420
   5.320377192      -0.016603048      -0.015756757
  -0.016597179       5.414246748       0.003198541
  -0.015756376       0.003198820       5.104077088
   5.281721687      -0.019008637      -0.033378385
  -0.019008214       5.396417882       0.018302167
  -0.033380089       0.018301312       5.155057394
   5.348086269      -0.053072445      -0.025990421
  -0.053074533       5.456679994       0.027634948
  -0.025992220       0.027632765       5.153708190
   5.393336065      -0.008794672      -0.025920721
  -0.008790681       5.487595779       0.009765109
  -0.025922450       0.009762582       5.123382698
   5.438313750       0.038927959      -0.015545199
   0.038927250       5.516674682       0.002550388
  -0.015545022       0.002549088       5.087661612
   5.389475689       0.007754182      -0.036316312
   0.007752421       5.446609380       0.022700899
  -0.036312535       0.022699712       5.142566306
   5.348007143       0.023677274      -0.018843764
   0.023678226       5.423244654       0.031568774
  -0.018842730       0.031568345       5.162055913
   5.323750098      -0.010751024      -0.014061200
  -0.010755502       5.385427120       0.007631630
  -0.014061506       0.007632398       5.189111344
   5.318287355       0.000494856      -0.021372285
   0.000492437       5.377129864      -0.000151731
  -0.021372987      -0.000150531       5.183149624
   5.321446681      -0.018417986      -0.008164578
  -0.018414207       5.385836733      -0.000052994
  -0.008164288      -0.000054893       5.186856217
   5.322071372       0.003020943       0.013074682
   0.003020335       5.396085770       0.000556448
   0.013075159       0.000552917       5.159251706
   5.370874099       0.058837834       0.031021570
   0.058838963       5.440073283      -0.015584219
   0.031022553      -0.015583482       5.216055595
   5.443685276       0.054191647       0.021539840
   0.054193582       5.532975911      -0.005843053
   0.021541527      -0.005842051       5.146076056
   5.436172646       0.027195005       0.037364931
   0.027195245       5.565743214       0.010163589
   0.037364314       0.010162483       5.103416423
   5.370703247       0.010886800      -0.001622688
   0.010879495       5.496731777       0.027291807
  -0.001621553       0.027290700       5.164276452
   5.367982145       0.012721967      -0.010138728
   0.012726731       5.520598338       0.025531031
  -0.010140217       0.025530203       5.080332438
   5.358763240      -0.027545632      -0.019524419
  -0.027546629       5.463805204       0.015298723
  -0.019525688       0.015297761       5.115886486
   5.367651678       0.024243015      -0.017325416
   0.024243152       5.480538493       0.022249564
  -0.017324714       0.022249401       5.115897373
   5.429833323      -0.004919755      -0.015170745
  -0.004921393       5.559747030       0.004284739
  -0.015170296       0.004284599       5.063847988
   5.442981481       0.052976477      -0.009045878
   0.052976643       5.569482554      -0.015487705
  -0.009047553      -0.015486661       5.125218761
   5.528616304      -0.023867049      -0.007964542
  -0.023868542       5.671194159      -0.011285587
  -0.007965957      -0.011284933       5.110627790
   5.594286089       0.017827826      -0.022515486
   0.017828634       5.710123088      -0.001301806
  -0.022512641      -0.001301994       5.078984756
   5.490186959       0.013287199      -0.009398953
   0.013286631       5.615931046       0.018325390
  -0.009398120       0.018324195       5.166136104
   5.394621772      -0.060269423      -0.024409360
  -0.060275075       5.547434258       0.020966199
  -0.024407995       0.020965558       5.113910429
   5.192097646      -0.022735191      -0.009714649
  -0.022736438       5.344191353       0.012360184
  -0.009714760       0.012362230       5.255225196
   5.190890148       0.050774915      -0.022598128
   0.050780539       5.347761202       0.003344499
  -0.022598656       0.003345598       5.210855605
   5.319236979       0.047841149      -0.031679530
   0.047836648       5.456723305       0.031101819
  -0.031681553       0.031100451       5.147836532
   5.415105747       0.012715053      -0.021386441
   0.012715133       5.518561287       0.014072938
  -0.021388913       0.014072617       5.158546161
   5.490620622       0.007002535      -0.016885655
   0.007004282       5.581896646      -0.012265956
  -0.016887939      -0.012264485       5.222270574
   5.510976639       0.045297061      -0.013300402
   0.045293482       5.622832375      -0.005854116
  -0.013301375      -0.005851391       5.178974033
   5.487230647       0.031502699       0.005090249
   0.031505477       5.591194616       0.006145426
   0.005091962       0.006145181       5.110215468
   5.461688227       0.057033429       0.015242750
   0.057038242       5.571102506       0.001293228
   0.015243817       0.001293551       5.162283363
   5.404208985       0.031158312       0.037711431
   0.031147833       5.512787286       0.015089710
   0.037712440       0.015089756       5.163837538
   5.372784566       0.015637237       0.044271790
   0.015638605       5.424536836       0.021249789
   0.044272128       0.021249058       5.143951677
   5.338961994      -0.020269537       0.016901581
  -0.020265943       5.388737484      -0.003710935
   0.016905164      -0.003712705       5.144421686
   5.360154128      -0.016352377       0.034565409
  -0.016359286       5.443036000      -0.009353208
   0.034566956      -0.009354703       5.152052448
   5.373242068      -0.078645330       0.044565187
  -0.078640386       5.483059848      -0.005779082
   0.044568475      -0.005780362       5.123805936
   5.348985033       0.009296864       0.023760917
   0.009293564       5.389577350      -0.015263751
   0.023762774      -0.015263029       5.140469059
   5.297538999      -0.011184526       0.018982725
  -0.011185567       5.389064974      -0.028377611
   0.018979885      -0.028377734       5.128523590
   5.370765677      -0.006639135       0.025264321
  -0.006633896       5.499733145      -0.017314476
   0.025262970      -0.017315695       5.136324050
   5.368537173      -0.037245037       0.026758053
  -0.037247117       5.495212953      -0.028504841
   0.026758329      -0.028500864       5.165141149
   5.363953066      -0.121676867      -0.001820843
  -0.121675297       5.484162107      -0.015210833
  -0.001822061      -0.015208130       5.140612855
   5.378780304      -0.079141679       0.000884530
  -0.079138449       5.472838148      -0.040599579
   0.000882016      -0.040598121       5.164096052
   5.422061207      -0.038840416      -0.000656097
  -0.038839530       5.502044191      -0.033386312
  -0.000654780      -0.033387252       5.159372768
   5.375840416       0.033070962      -0.029862497
   0.033070577       5.446636321      -0.023640664
  -0.029860881      -0.023640611       5.162903561
   5.419566389       0.064831104      -0.005251646
   0.064830858       5.524589500      -0.004061499
  -0.005251904      -0.004062000       5.097295582
   5.406909831       0.013516527      -0.008964669
   0.013516038       5.508432837       0.027978625
  -0.008963428       0.027978522       5.095825869
   5.408041787       0.014980283       0.007088247
   0.014976401       5.503793291       0.011386682
   0.007089092       0.011386889       5.138479519
   5.379007079      -0.042615540      -0.020264163
  -0.042613386       5.502092576       0.000003869
  -0.020265427       0.000001867       5.148838876
   5.396215061       0.027646852      -0.040438427
   0.027649429       5.499152921      -0.027037207
  -0.040436834      -0.027036155       5.134258369
   5.343559858       0.054334740      -0.048642276
   0.054333914       5.456008321      -0.006425573
  -0.048638645      -0.006424990       5.184747099
   5.402693712       0.105915904      -0.005626707
   0.105915902       5.485876706      -0.007343911
  -0.005627780      -0.007343402       5.085390879
   5.343344325       0.084007853      -0.030638044
   0.084008162       5.418735116       0.001585405
  -0.030638950       0.001585435       5.128306347
   5.380041833      -0.030719721      -0.025317231
  -0.030718255       5.504810724      -0.014951047
  -0.025323380      -0.014948424       5.139548977
   5.462443577      -0.086301277      -0.018818670
  -0.086303187       5.584973942      -0.021287135
  -0.018820505      -0.021283629       5.138904849
   5.450920151      -0.078593688      -0.023574880
  -0.078597126       5.543657979      -0.019653809
  -0.023571767      -0.019652815       5.152170755
   5.468476605       0.076174198      -0.026127179
   0.076170913       5.511726884      -0.024433900
  -0.026124933      -0.024434192       5.162745809
   5.403495094       0.073082362      -0.018851546
   0.073076101       5.444348643       0.006809326
  -0.018851725       0.006806551       5.133239989
   5.318542083       0.078586504      -0.029368690
   0.078589505       5.373587981       0.011700261
  -0.029365708       0.011699631       5.123956996
   5.297583034       0.037986622      -0.016385965
   0.037984172       5.380640455       0.007259778
  -0.016386790       0.007259353       5.196941706
   5.318000683      -0.003765103      -0.024854504
  -0.003766571       5.428723244       0.013834734
  -0.024856771       0.013833306       5.187783197
   5.435516506      -0.000509986      -0.015556156
  -0.000507471       5.531951712      -0.008453180
  -0.015558195      -0.008455614       5.139972904
   5.464363092      -0.088254111       0.018183963
  -0.088253892       5.566423697       0.015280523
   0.018183792       0.015279045       5.142760661
   5.431240231      -0.032869025       0.005100743
  -0.032869871       5.602112445       0.023153786
   0.005099209       0.023150982       5.112125839
   5.317846250      -0.039406992      -0.026405172
  -0.039410247       5.493982694       0.026164097
  -0.026403246       0.026160787       5.199450739
   5.286472893      -0.014523572       0.023038104
  -0.014523704       5.438819961      -0.008845461
   0.023039109      -0.008843203       5.202492425
   5.260930061      -0.030343780       0.039633345
  -0.030348042       5.389181978       0.015210582
   0.039632529       0.015208988       5.207993659
   5.255091464       0.068122197       0.016169307
   0.068123337       5.325454246      -0.003206258
   0.016170549      -0.003207100       5.197696980
   5.407179886       0.015243388       0.010423402
   0.015245741       5.470380066       0.005340320
   0.010423606       0.005341479       5.161742755
   5.391388688       0.090072149       0.015959307
   0.090072779       5.473522086       0.008566198
   0.015957553       0.008567506       5.180267777
   5.455916816      -0.012042492      -0.006200212
  -0.012042940       5.551823404      -0.017991173
  -0.006199463      -0.017991012       5.141323537
   5.459856063      -0.005046935      -0.029192600
  -0.005047816       5.525844488       0.001975044
  -0.029190404       0.001973133       5.096889504
   5.388342222       0.014594131       0.026302623
   0.014592791       5.444774075       0.004895511
   0.026300237       0.004896070       5.168522923
   5.430458207      -0.018545050       0.009849037
  -0.018541388       5.531033557       0.022824173
   0.009851471       0.022823103       5.176751288
   5.385118883      -0.002140793      -0.000165052
  -0.002143210       5.464504622       0.040934446
  -0.000164218       0.040931349       5.168140706
   5.386208434      -0.031869122       0.014726397
  -0.031869350       5.460391093       0.004796569
   0.014723381       0.004795887       5.131919091
   5.339205733       0.019942350       0.020380761
   0.019946706       5.448319905       0.008429893
   0.020380757       0.008430333       5.102827569
   5.378335603       0.088278260       0.004703324
   0.088279223       5.498910383      -0.007987241
   0.004706228      -0.007986945       5.073226645
   5.370347914       0.044036512      -0.006583799
   0.044037838       5.471378272       0.004932767
  -0.006584211       0.004935382       5.092995430
   5.485754571      -0.010358576      -0.010872821
  -0.010354841       5.572688954       0.005660382
  -0.010872497       0.005661909       5.127772578
   5.452031818      -0.066738518      -0.011629708
  -0.066738641       5.549707025       0.026818023
  -0.011625377       0.026815309       5.122909479
   5.349398924      -0.069841645       0.000304124
  -0.069841163       5.458225633       0.032900481
   0.000304446       0.032896809       5.226714139
   5.430915873       0.012072845      -0.018984847
   0.012070169       5.592470192       0.005580909
  -0.018984501       0.005581332       5.162835015
   5.435279211      -0.027363772      -0.030216753
  -0.027361575       5.560344469      -0.009958873
  -0.030215918      -0.009958792       5.125945663
   5.359258759       0.000894567      -0.017179092
   0.000896024       5.479581697      -0.016644077
  -0.017178359      -0.016643782       5.198868513
   5.384374873      -0.002416611      -0.035829351
  -0.002414923       5.473718327       0.003529624
  -0.035829199       0.003530893       5.144390485
   5.336335087      -0.085776065      -0.028662688
  -0.085777218       5.433007331       0.010659103
  -0.028664120       0.010660040       5.176497875
   5.287167293      -0.121562436      -0.013497261
  -0.121563580       5.398419359      -0.017202036
  -0.013497642      -0.017201302       5.183030964
   5.332400929      -0.024162161      -0.011180544
  -0.024161425       5.410929534      -0.017458262
  -0.011178631      -0.017459536       5.190172872
   5.447600834      -0.011867719      -0.029783911
  -0.011865473       5.553611602      -0.017387404
  -0.029782742      -0.017388182       5.176058204
   5.450995916       0.015640856      -0.013681382
   0.015641570       5.534009997      -0.038719027
  -0.013680278      -0.038717036       5.144483971
   5.485603004      -0.016322940       0.026069631
  -0.016319602       5.598490545      -0.040998175
   0.026069814      -0.040996802       5.185684875
   5.538565363      -0.075725080       0.057263571
  -0.075722351       5.650323208      -0.040384704
   0.057264457      -0.040382966       5.163246507
   5.502917927      -0.078126298       0.041615153
  -0.078128849       5.614628632      -0.020358372
   0.041616004      -0.020357474       5.136392657
   5.337118807      -0.078973898       0.043459473
  -0.078968772       5.464166149      -0.030026607
   0.043457588      -0.030025819       5.193613698
   5.293993637       0.041127598       0.038099855
   0.041126838       5.392555314      -0.028109694
   0.038100666      -0.028108511       5.191570957
   5.287055615       0.060974909       0.016274015
   0.060975184       5.326922847      -0.020016344
   0.016278040      -0.020015009       5.158858430
   5.278029832      -0.004521378       0.007879003
  -0.004517563       5.317766906      -0.002949243
   0.007879691      -0.002948987       5.173979761
   5.344972030      -0.057327682      -0.014866233
  -0.057326852       5.463525123      -0.003389963
  -0.014865471      -0.003388694       5.094805287
   5.419622560      -0.141667217       0.003575698
  -0.141671547       5.539866673       0.019468619
   0.003575517       0.019468370       5.110750956
   5.462027748      -0.005694798      -0.002609905
  -0.005691468       5.549385040      -0.002240751
  -0.002612902      -0.002240816       5.064453088
   5.463376896       0.005456159      -0.004917344
   0.005457437       5.542230426       0.002221684
  -0.004921156       0.002220687       5.093656470
   5.416478724      -0.013606715      -0.028710856
  -0.013613332       5.468528660      -0.003017213
  -0.028711677      -0.003017346       5.105580666
   5.283695725      -0.057720575      -0.036815265
  -0.057717926       5.377778941       0.004390693
  -0.036816672       0.004388373       5.186010204
   5.236734067      -0.034353411      -0.038746506
  -0.034349004       5.394021894       0.000207111
  -0.038746805       0.000205311       5.197502186
   5.271004064       0.011964021      -0.038611933
   0.011959389       5.380129710       0.006172848
  -0.038610585       0.006174533       5.201133171
   5.402662531      -0.026542013      -0.015338839
  -0.026541504       5.471825033      -0.005168467
  -0.015338490      -0.005171145       5.214378244
   5.502691182       0.019366013      -0.022163009
   0.019366176       5.562895808      -0.029324309
  -0.022161601      -0.029325074       5.229760060
   5.471234463       0.022370078      -0.047327405
   0.022368237       5.596354509      -0.014730616
  -0.047327305      -0.014730766       5.167391215
   5.412873996      -0.058066964      -0.036987307
  -0.058063718       5.527314043       0.015165687
  -0.036988384       0.015166905       5.224741842
   5.338590211      -0.042920630      -0.042715606
  -0.042921575       5.478861230      -0.001107469
  -0.042715418      -0.001109004       5.210729067
   5.319702941      -0.061170709      -0.037675502
  -0.061171361       5.395802081      -0.008975028
  -0.037676475      -0.008974384       5.208660223
   5.293054834      -0.066058711      -0.036915351
  -0.066058965       5.309153216      -0.004422757
  -0.036920118      -0.004422621       5.159896133
   5.285230049       0.010982670      -0.061491984
   0.010983605       5.347189821       0.025099263
  -0.061491698       0.025102402       5.170163693
   5.344736494       0.050153112      -0.030726582
   0.050153806       5.432042267       0.005577292
  -0.030723362       0.005579679       5.171276702
   5.358723521       0.006281089      -0.015567268
   0.006282682       5.457188299      -0.004964346
  -0.015568775      -0.004964176       5.178286602
   5.406952578       0.009117733      -0.005732766
   0.009114014       5.523147548      -0.002610346
  -0.005732461      -0.002612156       5.169522487
   5.379712045      -0.003149048       0.002057203
  -0.003149647       5.498005099      -0.003664321
   0.002056370      -0.003663608       5.179045408
   5.363276791       0.001221498       0.016569965
   0.001215615       5.458372113       0.000735026
   0.016570460       0.000734266       5.170872322
   5.344672706      -0.029752042      -0.003336304
  -0.029752838       5.461042435      -0.014457575
  -0.003333649      -0.014458565       5.192818715
   5.341822067       0.012910520      -0.007612756
   0.012910007       5.472796373      -0.029953715
  -0.007612494      -0.029951522       5.207920264
   5.305534223      -0.009636191       0.013284056
  -0.009644923       5.401077166      -0.004181941
   0.013285969      -0.004179840       5.201226849
   5.361948031       0.026793816       0.037901903
   0.026791727       5.477340391       0.010316480
   0.037903776       0.010317229       5.207607030
   5.364384756       0.049954785       0.001895387
   0.049952443       5.443816363      -0.008782122
   0.001894302      -0.008781778       5.187018230
   5.354589327       0.006878869      -0.002522774
   0.006876676       5.421697469       0.003997588
  -0.002521682       0.003998132       5.180295343
   5.301844695       0.011881021       0.015812996
   0.011880688       5.391172720       0.042206099
   0.015813829       0.042205051       5.218541255
   5.298413191      -0.004397152       0.020587275
  -0.004395467       5.372637096       0.027675280
   0.020583825       0.027673818       5.216577198
   5.337823432       0.017776630       0.006902241
   0.017770201       5.395776659      -0.002316141
   0.006901397      -0.002316102       5.155655157
   5.319011531       0.061512858      -0.030385428
   0.061509461       5.392733877      -0.012370865
  -0.030384360      -0.012369789       5.210648057
   5.316602613      -0.002009045      -0.022593061
  -0.002006391       5.404156887      -0.009081773
  -0.022593216      -0.009080344       5.216287660
   5.348638235       0.086808745      -0.006909466
   0.086800938       5.436107814       0.005828873
  -0.006910084       0.005831334       5.232523335
   5.355791937       0.082606141       0.001190542
   0.082601969       5.439206033       0.000017732
   0.001193081       0.000019419       5.212873921
   5.373334318      -0.044940521       0.007647126
  -0.044936820       5.484311439       0.025090147
   0.007647667       0.025091721       5.169294296
   5.370521627      -0.049001965       0.020695824
  -0.049007376       5.498788409       0.004380127
   0.020695737       0.004379320       5.126027179
   5.372758315      -0.048189952       0.019497189
  -0.048187939       5.460189854       0.011904422
   0.019496469       0.011904055       5.154210761
   5.311151241      -0.004240586       0.021257132
  -0.004236077       5.357664527       0.011266210
   0.021257185       0.011267579       5.214486908
   5.310292116      -0.024769425       0.014227065
  -0.024770964       5.343803285      -0.007144774
   0.014226352      -0.007143876       5.185544503
   5.251500255       0.006413904       0.009341370
   0.006416157       5.302410411      -0.008644864
   0.009343726      -0.008646898       5.165488687
   5.313530234       0.020061333       0.033032208
   0.020059560       5.408378113       0.009896364
   0.033034717       0.009893903       5.202487707
   5.341556175       0.079313096       0.041379841
   0.079308816       5.480230947      -0.003905343
   0.041379968      -0.003903127       5.178044515
   5.440373112       0.073817185       0.026302780
   0.073819042       5.569914337       0.009828869
   0.026305033       0.009829284       5.144881305
   5.475711556      -0.042295195      -0.007768130
  -0.042294129       5.609834257      -0.011922369
  -0.007767563      -0.011921679       5.113382086
   5.548133215      -0.097704095       0.001176290
  -0.097702516       5.685681725      -0.026555241
   0.001173856      -0.026555422       5.082631151
   5.492529938      -0.063081052      -0.007341534
  -0.063079197       5.620018612      -0.015711630
  -0.007341460      -0.015710958       5.062566018
   5.382067551      -0.018454184      -0.010797391
  -0.018460582       5.491002923       0.017433016
  -0.010797542       0.017431272       5.091292729
   5.316627364       0.097761578      -0.051682906
   0.097761184       5.394515741       0.029450916
  -0.051682340       0.029446182       5.092279035
   5.340945984       0.059291238      -0.034890033
   0.059290731       5.441152449       0.008065942
  -0.034887587       0.008065919       5.143252158
   5.336441269       0.054333747      -0.046620311
   0.054336198       5.412095431       0.002400257
  -0.046619458       0.002402319       5.148886736
   5.402838680       0.000305721      -0.019497657
   0.000309958       5.578571352       0.023851377
  -0.019499774       0.023853321       5.128582901
