    5.399640514      -0.039021853       0.034513977 
   -0.039015232       5.298438658      -0.001282306 
    0.034517226      -0.001277248       4.981599528 
    5.344793191      -0.134300604       0.040507731 
   -0.134298622       5.313191338       0.006917963 
    0.040519905       0.006921558       4.931437089 
    5.440116393      -0.200048741       0.006092232 
   -0.200038694       5.311448030       0.018225230 
    0.006095320       0.018228649       4.765243158 
    5.318522306      -0.174559109      -0.005427429 
   -0.174552280       5.190140825       0.068934043 
   -0.005419078       0.068941562       4.898288921 
    5.014963124      -0.263720082      -0.048426567 
   -0.263724312       5.021086424       0.071889797 
   -0.048424652       0.071882987       5.152561112 
    4.897627797      -0.278093033      -0.039082487 
   -0.278094972       5.059417077       0.036980329 
   -0.039088042       0.036987962       5.159673463 
    5.070364995      -0.177885228       0.001881501 
   -0.177898332       5.203052579       0.048029003 
    0.001874285       0.048035794       5.191233164 
    5.148664581      -0.101230242      -0.004646024 
   -0.101231893       5.042498248       0.035979955 
   -0.004650153       0.035984213       5.066207786 
    5.184695870      -0.002088935       0.017273993 
   -0.002077169       5.020891103       0.064061110 
    0.017265366       0.064062379       5.124180374 
    5.383207930      -0.101821614       0.027798731 
   -0.101806002       5.312626387      -0.046744073 
    0.027797879      -0.046744518       5.166305132 
    5.286392350      -0.089506333       0.032652939 
   -0.089508783       5.299884943      -0.037186053 
    0.032654978      -0.037183633       4.986308524 
    5.211025325       0.172266614       0.045988346 
    0.172287879       5.227432393      -0.027776183 
    0.045983399      -0.027770631       5.103792372 
    5.272908283       0.159098059       0.055077914 
    0.159101722       5.162548718      -0.068861038 
    0.055068349      -0.068853138       5.203852108 
    5.510785583       0.124930726       0.024468179 
    0.124923012       5.294254374      -0.072580734 
    0.024468720      -0.072572578       5.089337519 
    5.408025660       0.055221138       0.000403585 
    0.055225939       5.260529420      -0.097099386 
    0.000399140      -0.097097318       4.954336444 
    5.264028833      -0.094006915      -0.026646951 
   -0.094011955       5.304350312      -0.065702335 
   -0.026651166      -0.065698869       4.957078887 
    5.135731654      -0.133791539      -0.046289987 
   -0.133794670       5.173366003       0.073347708 
   -0.046297428       0.073347927       4.989702084 
    5.314146523       0.024133359      -0.004779058 
    0.024142233       5.236908035       0.111063442 
   -0.004783038       0.111047321       4.995974705 
    5.200492409       0.028496594      -0.019500693 
    0.028491924       5.115631503      -0.000023377 
   -0.019499200      -0.000023626       4.848135970 
    5.039484610       0.137271027      -0.024441817 
    0.137269014       5.085215335      -0.098116639 
   -0.024447813      -0.098117315       4.807386996 
    5.282141746       0.167768647       0.034710793 
    0.167775934       5.314115601      -0.064453575 
    0.034707775      -0.064454995       4.948199631 
    4.939482843       0.010227249       0.050138443 
    0.010225432       5.048534682       0.001037690 
    0.050131725       0.001047292       4.988376436 
    5.321751701       0.075621925      -0.001323588 
    0.075615746       5.303881677      -0.011843933 
   -0.001326138      -0.011842998       4.901360068 
    5.410691014       0.278798984      -0.050720481 
    0.278806848       5.418631355       0.022993174 
   -0.050716469       0.022988528       4.966204391 
    5.504309672       0.086680657       0.000543479 
    0.086687940       5.413753878       0.035398521 
    0.000542031       0.035408638       5.112823632 
    5.474402787      -0.117508096       0.016345532 
   -0.117506872       5.365487945      -0.024313099 
    0.016351982      -0.024315011       4.772000376 
    5.393724502      -0.466453415       0.037263975 
   -0.466454720       5.426124487       0.054129218 
    0.037261723       0.054114431       4.895848903 
    5.024100626      -0.349326781       0.068072275 
   -0.349315778       5.154611256       0.069504908 
    0.068073645       0.069516568       4.878727323 
    4.842552434      -0.083165204       0.044081772 
   -0.083164494       4.977926124       0.051163404 
    0.044081474       0.051159770       5.140741888 
    5.006052697      -0.296188981      -0.000787640 
   -0.296191568       4.875135901       0.038978560 
   -0.000789368       0.038966548       5.178259498 
    5.181229567      -0.107445683       0.016562272 
   -0.107441960       5.069360678       0.014125903 
    0.016569990       0.014133211       5.116870500 
    5.118159703      -0.031745465       0.016045168 
   -0.031752873       5.215172292      -0.000864337 
    0.016044064      -0.000864387       5.043976314 
    5.564296757      -0.062091900       0.010592205 
   -0.062100938       5.658636577       0.016690221 
    0.010585360       0.016678161       5.135055403 
    5.338800862      -0.154112321       0.069114523 
   -0.154102352       5.351244396       0.077800259 
    0.069109319       0.077794488       5.148481797 
    5.536519620      -0.317151468       0.112244890 
   -0.317160111       5.497828215       0.079541976 
    0.112239343       0.079542190       5.047923622 
    5.133333593      -0.479480884       0.073635027 
   -0.479476603       5.094856945      -0.012800134 
    0.073628774      -0.012803880       5.133568528 
    5.015492614       0.056527851       0.083866027 
    0.056541079       4.973237065       0.012664976 
    0.083866756       0.012662277       5.124613328 
    4.957287778       0.010783449       0.073000374 
    0.010770788       4.945820922       0.064564481 
    0.072994584       0.064565323       5.049212394 
    5.002727376       0.006766418       0.031329618 
    0.006755647       4.895523393       0.048830611 
    0.031321773       0.048831817       5.182183690 
    4.674512511       0.154213812      -0.002384991 
    0.154228944       4.571357851       0.012647867 
   -0.002382859       0.012639209       4.969395941 
    5.183024435       0.205616534      -0.001745163 
    0.205620294       4.932831222       0.008376681 
   -0.001742774       0.008376208       5.008117659 
    5.479095188       0.038351568       0.026818233 
    0.038349312       5.096422203       0.021204377 
    0.026814016       0.021204113       5.083510383 
    5.500535481       0.185198249       0.000953646 
    0.185203127       5.164795419       0.008882032 
    0.000955129       0.008871928       4.966235317 
    5.537099113       0.176071464       0.018051139 
    0.176074355       5.527771619       0.045836905 
    0.018045137       0.045839512       5.083002401 
    5.292600286       0.080967530       0.053866741 
    0.080956960       5.348665612       0.023113563 
    0.053859072       0.023114451       4.954128270 
    4.933287115       0.123915193       0.098934630 
    0.123903924       4.878792658      -0.003728507 
    0.098931130      -0.003729677       4.923008732 
    5.156618641       0.288481728       0.035016436 
    0.288481826       4.884568507      -0.002151069 
    0.035020330      -0.002151835       5.030905503 
    5.027205006       0.134356551       0.036305084 
    0.134344297       4.984392209       0.032121216 
    0.036306413       0.032125225       5.186895704 
    4.753262114       0.029094158      -0.036787159 
    0.029085947       4.937722418       0.046082149 
   -0.036785370       0.046089319       5.039776215 
    4.830453439      -0.130255828      -0.030226276 
   -0.130264663       4.913306267       0.069319605 
   -0.030221601       0.069326501       5.021606027 
    5.132848895      -0.165901684      -0.025068688 
   -0.165896613       5.071829528       0.031237078 
   -0.025067738       0.031241172       5.035139209 
    5.185987117      -0.119866162      -0.007971084 
   -0.119873705       4.953935224      -0.003478071 
   -0.007967947      -0.003474426       5.059293054 
    5.076117855       0.192262943       0.024699675 
    0.192248454       4.975670065      -0.015146837 
    0.024697832      -0.015147664       5.001797985 
    5.040036782       0.091238021       0.002220897 
    0.091234442       4.953459162      -0.014981070 
    0.002212767      -0.014981151       5.128085717 
    4.849511311       0.039257696      -0.039316430 
    0.039263165       4.934388354       0.010270711 
   -0.039324140       0.010266857       5.064115071 
    4.552756652       0.018564589      -0.045973466 
    0.018560143       4.758983559      -0.026073310 
   -0.045973412      -0.026066237       4.997487545 
    4.707347863      -0.147451850       0.022039827 
   -0.147460107       4.866324123      -0.027013386 
    0.022042935      -0.027010474       4.832469110 
    4.936389062       0.072006277       0.045783428 
    0.072013600       4.955819847      -0.025411253 
    0.045789733      -0.025420411       4.734155799 
    4.957286906       0.056692685       0.017992033 
    0.056684613       4.964869189      -0.032409532 
    0.017991794      -0.032421647       5.005367657 
    4.879784492       0.004009499       0.005906877 
    0.003985543       4.985405386       0.047867449 
    0.005906285       0.047870521       4.967222490 
    5.100905131      -0.132983681       0.022887345 
   -0.132986626       5.303871505       0.064178919 
    0.022888540       0.064187728       5.221129855 
    4.920398452       0.096417940       0.041923434 
    0.096420780       5.044054024       0.024193803 
    0.041920293       0.024193432       5.230227824 
    5.014893210       0.033863722       0.018823700 
    0.033865022       5.088803869      -0.053224681 
    0.018830917      -0.053219794       5.095269740 
    5.119896510       0.107088168       0.000399849 
    0.107094521       5.085083438      -0.013118734 
    0.000403242      -0.013116893       5.153060962 
    5.405176023       0.021095661      -0.008585426 
    0.021097553       5.339783628       0.009039757 
   -0.008585590       0.009038976       5.099510453 
    5.133187930       0.187044170       0.047392892 
    0.187043792       5.164823110       0.023581377 
    0.047392217       0.023578534       5.106867222 
    5.161463970       0.206324157       0.055042022 
    0.206337323       5.301306100       0.045391679 
    0.055043899       0.045386695       5.098262504 
    5.286229057       0.239948336       0.055285778 
    0.239944018       5.297038596       0.020821009 
    0.055284856       0.020820561       5.198273908 
    5.131695082       0.227182142       0.007653067 
    0.227176176       5.136631537       0.033521081 
    0.007655717       0.033526873       5.027227652 
    5.311149135      -0.068729799       0.006734815 
   -0.068722749       5.245647592       0.025060951 
    0.006740028       0.025064618       5.197755370 
    5.094358686      -0.080493494       0.008273307 
   -0.080496324       5.078832734       0.032921714 
    0.008272141       0.032919136       5.164400803 
    5.153120312      -0.116672684       0.032373536 
   -0.116674170       5.326338849       0.059327723 
    0.032376161       0.059326862       5.181149750 
    4.842662389      -0.090837398       0.027636774 
   -0.090836500       5.215300046       0.030958790 
    0.027639583       0.030963427       5.086859747 
    4.930450559       0.051605641      -0.024034528 
    0.051605377       5.308203400       0.038527460 
   -0.024037628       0.038527971       5.063306559 
    5.076698226       0.118793107      -0.034079706 
    0.118794137       5.297674945       0.070471382 
   -0.034075272       0.070473551       5.118717303 
    5.237902617       0.134097508      -0.026385647 
    0.134094078       5.253790447       0.026543566 
   -0.026388480       0.026548634       5.248293596 
    5.111944604       0.207346400       0.009604152 
    0.207351292       5.153513196       0.018317100 
    0.009611035       0.018313267       5.114814586 
    5.216881232       0.174933728      -0.021224737 
    0.174934375       5.292829556       0.055569026 
   -0.021229213       0.055564554       5.161754895 
    5.156631428       0.103899329       0.007074684 
    0.103908234       5.349551877       0.057451216 
    0.007069156       0.057451545       5.121589627 
    5.165720139       0.183956984       0.054279838 
    0.183960716       5.232224522       0.037909048 
    0.054272470       0.037924560       5.076159945 
    5.128635883       0.137596429       0.057083416 
    0.137602685       5.057724047       0.073732679 
    0.057081709       0.073740505       4.984881305 
    5.223495370       0.084971142       0.004459430 
    0.084977089       5.128998915       0.049998528 
    0.004462815       0.049996279       5.068541642 
    5.101846761       0.066221458      -0.018991683 
    0.066227216       5.153202726       0.004051506 
   -0.018982627       0.004055096       5.074701208 
    5.018963063      -0.116366722      -0.025712629 
   -0.116365107       5.048586183      -0.004116673 
   -0.025707837      -0.004119957       5.169121571 
    5.259282614       0.024947722      -0.034448149 
    0.024952151       5.155111610      -0.008292088 
   -0.034448777      -0.008295723       5.073813052 
    5.288316292      -0.107145196      -0.048582889 
   -0.107136221       5.209390204      -0.007457971 
   -0.048585787      -0.007457201       4.992712325 
    5.024521206      -0.073932318       0.019514514 
   -0.073934666       5.016528060       0.064723838 
    0.019507395       0.064723173       5.068420947 
    5.151812784       0.202266708       0.032714739 
    0.202273681       5.168001943       0.083594440 
    0.032713086       0.083606593       4.702770410 
    5.022006493       0.218978436       0.005591277 
    0.218982803       4.959020766       0.017173945 
    0.005602324       0.017177954       5.084311601 
    4.674108463      -0.064150082      -0.041439644 
   -0.064149583       4.678183532      -0.070637303 
   -0.041438644      -0.070634452       4.866529121 
    4.667221338      -0.179444279       0.016155162 
   -0.179432913       4.728696339      -0.032196114 
    0.016154354      -0.032202291       5.143876703 
    4.737022581      -0.079707736       0.019957064 
   -0.079709467       4.744871553       0.069978318 
    0.019957304       0.069975472       4.776661285 
    4.961961704      -0.058095395      -0.009518594 
   -0.058095263       4.860086055       0.007280295 
   -0.009522705       0.007283630       4.939678421 
    5.206844927       0.155551892       0.012495801 
    0.155558225       5.151701171       0.030416957 
    0.012488964       0.030410571       4.933230720 
    5.307059317       0.272499099       0.029354894 
    0.272501404       5.437567709       0.053871700 
    0.029356051       0.053873985       4.829992099 
    5.321939852       0.082584032       0.030505063 
    0.082583016       5.493165861       0.031474792 
    0.030507683       0.031475252       4.979883778 
    5.310146846      -0.086522418      -0.017118323 
   -0.086533651       5.384741859      -0.032395669 
   -0.017119575      -0.032390577       5.063618390 
    5.373339502      -0.225660973       0.000677061 
   -0.225665900       5.390890146       0.006182484 
    0.000680313       0.006188336       5.084008463 
    5.369268990      -0.083703843       0.035066009 
   -0.083709780       5.438999887       0.008619862 
    0.035062784       0.008616912       5.039601712 
    5.096986777       0.200222375       0.029685535 
    0.200215409       5.229842012       0.018997305 
    0.029684085       0.019001782       5.002229709 
    5.146646852       0.305409805      -0.006765863 
    0.305406852       5.237627849       0.011200682 
   -0.006765724       0.011197321       5.063131210 
    5.109120762      -0.033529285       0.028347768 
   -0.033522144       5.167617152       0.077102937 
    0.028346146       0.077094651       4.906169127 
    5.204402508      -0.068676857       0.045639250 
   -0.068687818       5.147206785       0.037276533 
    0.045641162       0.037274938       4.882208774 
    5.235320147       0.100589735      -0.034202453 
    0.100588389       5.240880553      -0.033895686 
   -0.034200264      -0.033902933       4.930012699 
    5.424490453      -0.158115979      -0.086082116 
   -0.158110666       5.411039701      -0.017663931 
   -0.086080113      -0.017670723       4.968397223 
    5.378629309      -0.069628747      -0.103702195 
   -0.069636332       5.491867656      -0.006682313 
   -0.103707378      -0.006678903       5.095986330 
    5.409069263      -0.117691853      -0.048471223 
   -0.117693157       5.443862586       0.034000836 
   -0.048481134       0.034008706       5.092059581 
    5.507832532       0.215944276       0.003722845 
    0.215950220       5.527533199       0.011413697 
    0.003716430       0.011415937       5.058597858 
    5.286851479       0.175671624      -0.009919107 
    0.175670473       5.276529695      -0.039106283 
   -0.009913447      -0.039114786       4.998658913 
    5.185441295       0.223742776      -0.078878724 
    0.223739999       5.219588715      -0.080341209 
   -0.078880006      -0.080341195       4.836641418 
    4.999890104       0.027272884      -0.020107145 
    0.027270399       4.935611435       0.004089934 
   -0.020110277       0.004104302       4.969099772 
    5.016630823       0.149415156       0.069087315 
    0.149411234       4.978014859       0.040617261 
    0.069087234       0.040618711       4.865771337 
    5.337322341      -0.038640379       0.086741537 
   -0.038647376       5.143376441       0.034711788 
    0.086757201       0.034702483       4.898570808 
    5.405127549       0.212677008      -0.050136047 
    0.212674582       5.363403120       0.014323993 
   -0.050132465       0.014322218       5.050509049 
    5.397952726       0.211634637      -0.092410791 
    0.211633190       5.501887138       0.040384015 
   -0.092411082       0.040390508       5.171925244 
    5.395187424       0.238120936      -0.031421381 
    0.238119099       5.391031320       0.048406787 
   -0.031417048       0.048401083       5.166877488 
    5.216677174      -0.111315935       0.024464283 
   -0.111315345       5.044645028       0.038112137 
    0.024463508       0.038111074       5.149088192 
    5.219544040      -0.206770534      -0.009186573 
   -0.206775178       4.873477333      -0.003094255 
   -0.009183652      -0.003106656       4.988558297 
    5.258493740      -0.064686020      -0.030730861 
   -0.064689920       4.991407733       0.006524954 
   -0.030731279       0.006508837       4.967517067 
    5.110655037      -0.169221068      -0.036702997 
   -0.169221008       5.029282520      -0.000617370 
   -0.036705052      -0.000619979       4.944563370 
    4.946594067       0.097626537      -0.024707735 
    0.097625628       5.033199585       0.001193370 
   -0.024712174       0.001204080       4.867289682 
    5.036480518       0.243461410      -0.010264990 
    0.243452162       4.967131233       0.021040457 
   -0.010263126       0.021032270       5.052839604 
    4.952956025      -0.008359670      -0.003907430 
   -0.008356466       4.803613478       0.022050646 
   -0.003903666       0.022051414       5.119184968 
    5.025111127      -0.067098317       0.053915170 
   -0.067106869       4.886815292      -0.004417335 
    0.053914782      -0.004420787       5.100012114 
    5.003427901      -0.172737530       0.012969384 
   -0.172749968       5.033146373      -0.001037840 
    0.012974568      -0.001031233       4.934174711 
    5.065563015      -0.171153430      -0.035898211 
   -0.171167161       5.110411865      -0.051543656 
   -0.035903376      -0.051546806       5.015131410 
    5.162961300      -0.197029810       0.008570124 
   -0.197029830       5.079727346      -0.031566067 
    0.008566773      -0.031571244       4.852459265 
    5.279806307      -0.105363198       0.051543108 
   -0.105367306       5.150878982      -0.023312239 
    0.051548279      -0.023307655       4.907291686 
    5.266966249      -0.204910747       0.034526281 
   -0.204926928       5.143519070      -0.019914102 
    0.034534360      -0.019913720       4.945341589 
    5.378654211      -0.415908939       0.001816897 
   -0.415906479       5.247894217       0.002561656 
    0.001819841       0.002557767       4.976605335 
    5.458351594      -0.263406678      -0.029586211 
   -0.263408509       5.174152664      -0.017289226 
   -0.029581710      -0.017282580       4.857607974 
    5.200390277      -0.132792729      -0.012820155 
   -0.132799958       4.994817998       0.019031977 
   -0.012815266       0.019024069       4.956247797 
    5.207457818      -0.055201154       0.019837467 
   -0.055197554       4.983283447       0.018242809 
    0.019830913       0.018238953       5.009720612 
    5.198096265      -0.000310026       0.043627054 
   -0.000307364       5.219585483      -0.015774265 
    0.043634663      -0.015769467       4.875323726 
    5.261353463       0.135022121      -0.011467094 
    0.135022424       5.352792820      -0.042625723 
   -0.011470099      -0.042634276       4.840613256 
    5.305212073      -0.104730764      -0.034494248 
   -0.104732545       5.191908975      -0.007658475 
   -0.034507992      -0.007674538       4.979127620 
    5.489066736      -0.188711014       0.046634807 
   -0.188707947       5.176775086      -0.081400494 
    0.046633352      -0.081399065       5.039200683 
    5.257881516      -0.099539495       0.100785042 
   -0.099553889       5.053444919      -0.061659038 
    0.100778192      -0.061660325       4.969327684 
    5.296024408       0.089275217       0.042313994 
    0.089267857       5.103686205      -0.021109784 
    0.042309686      -0.021112185       5.056105961 
    5.042851087      -0.111724452      -0.053939715 
   -0.111726875       5.113257521      -0.027767671 
   -0.053936117      -0.027759707       5.253853626 
    4.960468406      -0.010396217      -0.127864510 
   -0.010401506       4.909983963      -0.042160966 
   -0.127867876      -0.042161354       5.027614204 
    5.064741487       0.051972181      -0.033319512 
    0.051968425       4.899241622      -0.046164823 
   -0.033321149      -0.046175093       5.233772438 
    5.036214396       0.148389034      -0.027357571 
    0.148385853       4.925214902      -0.021162679 
   -0.027357637      -0.021163616       5.273458749 
    4.820789010       0.116612810      -0.070691033 
    0.116621716       4.905691539      -0.047643885 
   -0.070689650      -0.047648100       5.054682569 
    4.887095167       0.042383195      -0.042641922 
    0.042372586       4.810364226      -0.124815502 
   -0.042641824      -0.124822771       5.125535324 
    5.028042716       0.026223880      -0.012143931 
    0.026219458       4.866014022      -0.049115763 
   -0.012147990      -0.049110894       5.043195463 
    5.083989079       0.033919245       0.062465476 
    0.033910820       4.934100138      -0.023814655 
    0.062461358      -0.023815808       5.058422857 
    5.110769717      -0.015673677       0.016879634 
   -0.015690581       5.149459479      -0.004727916 
    0.016880844      -0.004726244       4.995338888 
    5.172392401      -0.084703171      -0.023292441 
   -0.084702553       5.290502602       0.025242755 
   -0.023286222       0.025245402       5.020186952 
    5.244009863      -0.032471736      -0.003261706 
   -0.032476152       5.217280122       0.016164251 
   -0.003256491       0.016160309       5.215114894 
    5.200530539      -0.250865620      -0.033482073 
   -0.250870447       5.130369124       0.019408904 
   -0.033476002       0.019410189       5.268324223 
    5.435271416       0.007543300      -0.015671545 
    0.007538492       5.355273975       0.020352866 
   -0.015671935       0.020353017       5.109105289 
    5.267902342      -0.008128635      -0.015191959 
   -0.008124461       5.329247414      -0.002558337 
   -0.015198855      -0.002560124       4.923097929 
    5.225643380       0.103296360      -0.025187474 
    0.103296288       5.353240022      -0.020623453 
   -0.025187429      -0.020621645       5.032196565 
    5.181683522      -0.071648779      -0.025189783 
   -0.071641328       5.250988140      -0.025550454 
   -0.025179443      -0.025557478       5.049218490 
    5.235301621       0.049430032      -0.066959983 
    0.049435795       5.137743336      -0.043074261 
   -0.066959238      -0.043081903       5.168979646 
    5.091226913      -0.165885155      -0.047428927 
   -0.165888184       4.892630016      -0.024093624 
   -0.047426607      -0.024080887       4.993673177 
    5.091098925      -0.036203232      -0.044291849 
   -0.036205905       4.938782282      -0.027594527 
   -0.044293056      -0.027595236       4.925767688 
    4.932450148       0.021066492       0.003340480 
    0.021063024       4.835279881       0.010764684 
    0.003339936       0.010759959       5.006688922 
    5.063304155       0.064432964      -0.062161647 
    0.064433389       4.995142878       0.000147653 
   -0.062165216       0.000149882       5.033154177 
    5.275619875      -0.012627287      -0.026689990 
   -0.012632681       5.149055587       0.026284710 
   -0.026695313       0.026292399       4.974486606 
    5.383879913      -0.012332928       0.078103612 
   -0.012337337       5.335460417       0.009805184 
    0.078099555       0.009808748       4.989948902 
    5.382253256      -0.080368076       0.058978259 
   -0.080366495       5.334015478       0.016195374 
    0.058976503       0.016195467       5.085401345 
    5.293435887      -0.165868319      -0.010850037 
   -0.165865763       5.266613240       0.015432877 
   -0.010849711       0.015430820       4.905250311 
    5.284138959      -0.192041318      -0.075832389 
   -0.192045244       5.314142446      -0.028784888 
   -0.075828630      -0.028789822       4.891030103 
    5.020670853      -0.269196779      -0.077038211 
   -0.269198059       5.072325664      -0.074135651 
   -0.077027598      -0.074136237       4.765177360 
    5.130788794      -0.257886181      -0.042953163 
   -0.257891077       5.002319607      -0.101372769 
   -0.042947876      -0.101358521       5.005848568 
    5.064040182      -0.141885230       0.067010506 
   -0.141889025       4.732395750      -0.026341781 
    0.067007453      -0.026341786       4.949492856 
    4.832777657      -0.062820333       0.082382597 
   -0.062819413       4.661468785       0.008723163 
    0.082376545       0.008720349       4.941558128 
    5.050848937      -0.120274920       0.111185670 
   -0.120279540       5.119775477       0.002598005 
    0.111186957       0.002602567       5.099242095 
    5.119471327      -0.259365351       0.082697319 
   -0.259360273       5.138860184      -0.028618865 
    0.082697003      -0.028617339       4.952846225 
    5.403327102      -0.219736943       0.073875374 
   -0.219736036       5.393377927       0.029167211 
    0.073872189       0.029162558       5.021665708 
    5.572906379      -0.125914323       0.078774469 
   -0.125920673       5.380050008      -0.009640844 
    0.078773981      -0.009636767       5.027731622 
    5.176249189      -0.033345111       0.012312859 
   -0.033346996       5.188690239      -0.073934490 
    0.012315671      -0.073945146       5.010435489 
    4.824782363      -0.037241647       0.052252619 
   -0.037247756       4.890025205      -0.096175883 
    0.052255255      -0.096179044       5.100472461 
    5.016150536      -0.086361567       0.047258662 
   -0.086359287       5.121143932      -0.058423615 
    0.047250590      -0.058421017       5.088162209 
    4.988447835      -0.107527304       0.055319227 
   -0.107528125       5.008058488      -0.088190170 
    0.055320371      -0.088196667       5.291557079 
    5.120978701      -0.125981391       0.006489142 
   -0.125983075       5.037778460      -0.045435091 
    0.006496353      -0.045439230       5.119913126 
    5.402332662      -0.014392031      -0.026691331 
   -0.014396282       5.227523585      -0.013485440 
   -0.026692852      -0.013481629       5.089889628 
    5.234229390       0.208183540       0.042332362 
    0.208191732       5.206123871      -0.028043238 
    0.042329340      -0.028047864       5.212352477 
    4.971341816      -0.004054844       0.069524565 
   -0.004054087       5.161915012      -0.066240012 
    0.069526920      -0.066249521       5.126243747 
    5.056602625       0.060205696       0.038826192 
    0.060205416       5.262008168      -0.019770219 
    0.038828222      -0.019767352       5.067282456 
    5.035537453       0.046805368      -0.032670369 
    0.046808674       5.006625370       0.026475729 
   -0.032672508       0.026472911       5.133769981 
    5.076806887      -0.084484068      -0.050291743 
   -0.084500595       4.950924332       0.002123570 
   -0.050288403       0.002126607       5.006365350 
    5.061675270      -0.250515052       0.039571750 
   -0.250533288       5.087646582       0.011180799 
    0.039570836       0.011187425       5.090898530 
    4.922595336      -0.238704848       0.072036529 
   -0.238705339       5.075303845      -0.011427301 
    0.072038777      -0.011422069       5.130851995 
    5.013766555      -0.369570052       0.042641798 
   -0.369575653       5.270096854      -0.025626732 
    0.042645054      -0.025624319       5.144483573 
    5.279944946      -0.098749947       0.014189500 
   -0.098761444       5.342640037       0.009313658 
    0.014194180       0.009315978       5.008591186 
    5.362873602      -0.051512549      -0.027373505 
   -0.051517304       5.267706130       0.072213610 
   -0.027373417       0.072214248       5.057781663 
    5.115862206       0.043065027      -0.074987482 
    0.043058749       4.973409700       0.023524831 
   -0.074988696       0.023532756       4.793975707 
    5.041020654      -0.166771102      -0.062704684 
   -0.166780839       4.931515949       0.006046623 
   -0.062706639       0.006047181       4.815760698 
    5.062413717      -0.243134424       0.020793010 
   -0.243125315       5.036358327      -0.020298916 
    0.020784308      -0.020301467       5.115796667 
    4.872902891      -0.020320218       0.011738750 
   -0.020318823       4.945798233       0.045054022 
    0.011739868       0.045062441       5.031853687 
    5.130440015       0.102246811      -0.025551494 
    0.102239471       5.182189142       0.040994404 
   -0.025551066       0.040999204       5.041135080 
    5.361853869       0.395610865      -0.025675377 
    0.395614039       5.330311389       0.016890185 
   -0.025675690       0.016887080       4.812164623 
    5.251686770       0.421889600       0.028791547 
    0.421886792       5.264681821      -0.067360850 
    0.028792597      -0.067366366       5.058913652 
    5.148043037       0.112107340       0.049462417 
    0.112103775       5.148362817      -0.109608626 
    0.049467209      -0.109615847       4.837852948 
    5.078030383      -0.044094698       0.067903109 
   -0.044095862       5.060704197      -0.056204753 
    0.067905011      -0.056208067       5.025470619 
    5.041452453      -0.142503459       0.029857637 
   -0.142505498       4.957208545       0.048504523 
    0.029858932       0.048495961       4.938654294 
    5.073273368       0.072646898      -0.013535463 
    0.072642820       5.086830181       0.052237211 
   -0.013541952       0.052231709       5.003072513 
    4.995836262       0.028164862      -0.072776628 
    0.028161256       5.079290084       0.014815125 
   -0.072778680       0.014815582       4.929532284 
    5.025275342      -0.076076869       0.026286141 
   -0.076072472       5.068853711       0.023388173 
    0.026279023       0.023392013       5.090805827 
    4.943519317      -0.157767492       0.099424793 
   -0.157768571       4.906493671       0.007836330 
    0.099421724       0.007834605       5.029877622 
    4.979714773      -0.124091226       0.016613879 
   -0.124088395       4.841357438       0.030462326 
    0.016610163       0.030462214       5.192703278 
    5.021754208      -0.148779170       0.030959174 
   -0.148781112       4.945430371      -0.019690204 
    0.030951462      -0.019704132       4.870621613 
    4.933878404      -0.033699158       0.080417488 
   -0.033715642       4.961484118      -0.064525774 
    0.080401794      -0.064545802       4.918220310 
    5.249047620       0.010149007       0.009577973 
    0.010147617       5.129939439      -0.085522851 
    0.009577038      -0.085530582       4.931703302 
    5.302466714      -0.159853339      -0.051746338 
   -0.159859404       5.068314602      -0.076163607 
   -0.051745101      -0.076166955       4.825554210 
    5.426527395      -0.431753979      -0.022900819 
   -0.431755651       5.209945967       0.006951604 
   -0.022903744       0.006952485       5.053459879 
    5.330487758      -0.258284263       0.009649631 
   -0.258283687       5.217506674      -0.015878714 
    0.009640531      -0.015883815       5.079221775 
    5.158851453      -0.352278161      -0.005278217 
   -0.352278565       5.167474470      -0.022450654 
   -0.005278063      -0.022443454       5.087029727 
    5.186086830      -0.324332202       0.040257365 
   -0.324332630       5.209238710       0.012257968 
    0.040263586       0.012271667       4.953213510 
    5.199401759      -0.325227678       0.033741658 
   -0.325226087       5.410102919       0.025549037 
    0.033740046       0.025548674       4.858037942 
    5.136846159      -0.157966891       0.020629212 
   -0.157962843       5.294673304      -0.014924128 
    0.020624260      -0.014930178       4.703204444 
    5.430082546      -0.165953545       0.032834626 
   -0.165957155       5.373913083       0.007304013 
    0.032835746       0.007310968       4.658604275 
    5.143135434       0.067108987      -0.021449865 
    0.067109076       5.094608322       0.062878675 
   -0.021452807       0.062877187       4.761107630 
    5.227189941      -0.086839303      -0.089097493 
   -0.086845285       5.137502188       0.047826283 
   -0.089103313       0.047817766       4.979332650 
    5.238235806      -0.315764068      -0.054168114 
   -0.315769498       5.063799346      -0.023377764 
   -0.054166290      -0.023376981       4.970556560 
    5.329036355      -0.454556931      -0.005526180 
   -0.454555575       5.149498737      -0.016563841 
   -0.005520135      -0.016560833       5.066238020 
    5.308997307      -0.283097261      -0.070104829 
   -0.283092568       5.228688587       0.015459783 
   -0.070110933       0.015456792       4.866348472 
    5.415115375      -0.236006447      -0.132133965 
   -0.236005085       5.338564174      -0.018130506 
   -0.132148067      -0.018141689       4.918632715 
    5.177960313       0.010325063      -0.092072355 
    0.010333849       5.104250318      -0.104435704 
   -0.092073181      -0.104435196       4.714954205 
    5.020673753       0.071514860      -0.052477420 
    0.071513326       5.040728034       0.021976100 
   -0.052481667       0.021985007       4.861925172 
    5.265549022       0.184835832      -0.075113831 
    0.184830180       5.224659465       0.078092732 
   -0.075121648       0.078097884       5.008005981 
    5.277901551       0.031537002      -0.030723432 
    0.031542079       5.251306578      -0.003223257 
   -0.030723550      -0.003221459       4.911683027 
    5.025960183      -0.024346314      -0.025832666 
   -0.024333541       5.173908748      -0.068950350 
   -0.025838304      -0.068944407       4.950109032 
    5.118902652      -0.146116381       0.044138341 
   -0.146112397       5.361578499      -0.028651463 
    0.044135275      -0.028651574       4.475482078 
    5.280169929      -0.171349933       0.007253768 
   -0.171351322       5.474490431       0.013874358 
    0.007256784       0.013872961       4.877390957 
    5.375879685       0.224952628      -0.008011699 
    0.224950286       5.292674196      -0.024011530 
   -0.008014040      -0.024012602       4.711626411 
    5.489407813       0.432796585      -0.014379718 
    0.432797710       5.318338462      -0.042871459 
   -0.014382814      -0.042870831       4.937054239 
    5.520218063       0.273723489      -0.041813150 
    0.273723346       5.438964990      -0.045934353 
   -0.041820573      -0.045936542       5.016668098 
    5.425581248       0.153068420      -0.027600614 
    0.153058870       5.539346663      -0.071155193 
   -0.027595473      -0.071160346       5.010534490 
    5.165625801      -0.001663129      -0.007474515 
   -0.001663245       5.357072652      -0.039822334 
   -0.007472538      -0.039820441       4.922453549 
    5.349916869       0.041146209      -0.001451077 
    0.041150730       5.350678590      -0.017018719 
   -0.001450271      -0.017014295       5.055949988 
    5.219914274       0.139790907       0.003300625 
    0.139788826       5.188831149       0.013021064 
    0.003297109       0.013012186       4.995138612 
    5.374092590       0.185898554       0.031630844 
    0.185901111       5.346326633       0.015718556 
    0.031635365       0.015721406       4.754104622 
    5.439960077       0.376922190       0.031774167 
    0.376923774       5.415818162       0.004124123 
    0.031772496       0.004124592       5.029570820 
    5.152970495       0.091263485      -0.011781610 
    0.091252906       5.419081036      -0.005120684 
   -0.011783713      -0.005124382       4.949736340 
    5.048263329      -0.067845478      -0.008233820 
   -0.067848875       5.293811414       0.008187729 
   -0.008231988       0.008185434       4.914923534 
    5.249294873       0.080270243      -0.011977040 
    0.080267334       5.456606715      -0.010233130 
   -0.011978038      -0.010232197       5.025532930 
    5.253183691      -0.081054937      -0.004977005 
   -0.081057988       5.264733312       0.014918390 
   -0.004976476       0.014920366       4.957284700 
    4.901404033      -0.131450719       0.040508047 
   -0.131454464       4.872590075       0.048453960 
    0.040509972       0.048456179       5.031908291 
    4.959709632       0.062116077       0.025879756 
    0.062110206       4.945129136      -0.063345925 
    0.025875942      -0.063344669       5.045726385 
    4.909370722       0.035085003       0.004866599 
    0.035076478       4.945936202      -0.070425962 
    0.004868711      -0.070424649       5.094035117 
    4.806748989      -0.000684683       0.047705577 
   -0.000685115       4.960455238      -0.002059384 
    0.047707078      -0.002056933       5.122926471 
    4.943831723       0.045470923       0.035051248 
    0.045473947       5.039659084       0.012870830 
    0.035050428       0.012867432       4.953211667 
    5.159633278       0.154134090      -0.005944979 
    0.154132494       5.254283519      -0.070759340 
   -0.005944278      -0.070759028       4.933836474 
    5.290164369       0.031892650       0.026335570 
    0.031900423       5.241850221      -0.081624655 
    0.026335083      -0.081616460       5.090313787 
    5.088542418      -0.026092204       0.031451534 
   -0.026077039       5.047466309      -0.022468982 
    0.031449582      -0.022471033       4.989224052 
    5.070543741       0.069308356       0.006655119 
    0.069305965       5.025789287       0.035636331 
    0.006659142       0.035631409       5.104836884 
    5.257507096      -0.008586282      -0.000865597 
   -0.008583189       5.241313962      -0.013069069 
   -0.000862316      -0.013065340       4.990649922 
    5.115430357       0.100792134       0.001590477 
    0.100800545       5.188892392      -0.004070002 
    0.001590069      -0.004073753       4.997802303 
    4.980792586       0.162423083      -0.018169077 
    0.162421251       5.219523703       0.014433414 
   -0.018171114       0.014441048       4.965115673 
    4.924754704       0.215729531       0.007765692 
    0.215733850       5.100797186      -0.052118086 
    0.007756196      -0.052113624       4.824018973 
    5.055097388       0.225726791      -0.003089081 
    0.225732525       5.173746917      -0.133441718 
   -0.003100763      -0.133452185       4.777442102 
    5.077794974      -0.020531078       0.047754940 
   -0.020530867       5.161027517      -0.024012992 
    0.047750190      -0.024004688       4.802691878 
    5.221511644      -0.062274372       0.071243602 
   -0.062272784       5.230206126       0.083124267 
    0.071239476       0.083130681       4.966436201 
    5.294707060       0.077836271       0.024635160 
    0.077841441       5.406676407       0.039087526 
    0.024636093       0.039083605       4.797537337 
    5.246073654       0.108736001       0.127607847 
    0.108732427       5.388840871      -0.003735623 
    0.127604117      -0.003742264       4.851267245 
    5.172983690      -0.021504519       0.095553441 
   -0.021504873       5.206652260      -0.005157117 
    0.095551055      -0.005164088       5.003912420 
    5.406367434       0.242666712      -0.015984585 
    0.242669357       5.445975981      -0.000039252 
   -0.015978522      -0.000049875       5.006776178 
    5.437663458       0.189222527      -0.016342646 
    0.189218024       5.523794543       0.023067454 
   -0.016337929       0.023063633       4.904098840 
    5.398804300       0.141201255       0.052107925 
    0.141199682       5.463419262       0.023244603 
    0.052109817       0.023245133       5.038025320 
    5.242905917       0.199659276       0.034504860 
    0.199666870       5.304600028       0.080813015 
    0.034502394       0.080810127       5.252816685 
    5.023026451       0.069767265       0.063949341 
    0.069769783       5.074905901       0.036594891 
    0.063954457       0.036593289       5.206923343 
    5.198534920       0.408718285       0.105933813 
    0.408714634       5.158551005       0.068699285 
    0.105929100       0.068703915       5.074121515 
    5.078137421       0.323159079       0.080079647 
    0.323163176       5.064953019       0.035291036 
    0.080080143       0.035294729       4.939397776 
    5.257296956       0.218942484       0.096163030 
    0.218943993       5.223600276       0.037452249 
    0.096165837       0.037461098       5.094007960 
    5.169193800       0.014766508       0.032165230 
    0.014758726       5.298089955      -0.014040409 
    0.032164055      -0.014035492       4.845210537 
    5.125371273      -0.140717281       0.065443982 
   -0.140722356       5.227207960      -0.043227205 
    0.065448671      -0.043227936       5.070664373 
    5.064884228       0.019857740       0.146350748 
    0.019854089       5.071885947       0.003223779 
    0.146357899       0.003225602       5.036905419 
    4.984936530      -0.050807868       0.090013875 
   -0.050798417       5.065786321       0.015935222 
    0.090022628       0.015934774       5.032132630 
    4.989517581      -0.128865929       0.033035542 
   -0.128858110       5.016652764       0.074194059 
    0.033036476       0.074194683       5.087734087 
    5.018006973      -0.238472228      -0.017882503 
   -0.238469511       5.036245461       0.101478973 
   -0.017882133       0.101478005       4.999880379 
    4.847086230       0.146688560      -0.047747288 
    0.146685856       4.908428776       0.010155388 
   -0.047749954       0.010156010       5.042258698 
    4.854431728       0.246802592      -0.032977055 
    0.246793654       5.178409254      -0.045614612 
   -0.032977346      -0.045616694       5.048587748 
    4.804614800       0.144574150       0.002105743 
    0.144572857       5.196303374      -0.010621841 
    0.002107205      -0.010621359       5.167546866 
    4.859632425       0.176075385       0.005477937 
    0.176071997       5.229857867       0.007700688 
    0.005482787       0.007703912       5.003951541 
    5.206862561      -0.015288182      -0.021125096 
   -0.015296331       5.351016251       0.002501498 
   -0.021119406       0.002497200       4.969980482 
    5.207568617       0.067607451      -0.019091135 
    0.067620826       5.231231388      -0.024921977 
   -0.019091432      -0.024922491       4.997718860 
    5.041213891       0.069335935      -0.019210454 
    0.069326850       5.135447856      -0.026968625 
   -0.019219275      -0.026964670       5.078322303 
    4.994819859       0.090283478      -0.043359027 
    0.090278385       5.072904826      -0.034052397 
   -0.043360166      -0.034063659       5.023112506 
    5.099900156       0.152674679      -0.009904216 
    0.152681980       4.965128319       0.029278525 
   -0.009906684       0.029275912       4.930025620 
    4.947679869       0.040067457       0.008535608 
    0.040070743       4.851612872       0.072822551 
    0.008535908       0.072818875       4.716294944 
    4.819672677       0.172854160       0.017350339 
    0.172863233       4.868079515      -0.015874915 
    0.017341156      -0.015868817       4.963031500 
    5.048424561       0.105106994      -0.007448796 
    0.105122004       5.187588131      -0.024254003 
   -0.007446984      -0.024248533       5.026148608 
    5.143222855       0.185202414      -0.017941063 
    0.185202576       5.141205330       0.097195388 
   -0.017941093       0.097204096       4.844752219 
    5.097869933       0.264783473      -0.025738384 
    0.264769954       5.112850108       0.051338745 
   -0.025740379       0.051339068       4.969138433 
    5.164585433       0.165870806       0.032719129 
    0.165869429       5.278253446       0.012240104 
    0.032716864       0.012234541       4.778074948 
    5.311732674       0.006255077       0.085033845 
    0.006261291       5.342162351       0.001701135 
    0.085027782       0.001709833       4.929604967 
    5.179490272      -0.191222326       0.011896205 
   -0.191214195       5.259733536      -0.007069905 
    0.011895358      -0.007066383       4.745820529 
    5.324133998      -0.128308249      -0.007729297 
   -0.128309460       5.361819539      -0.033430355 
   -0.007728544      -0.033433440       4.986899874 
    5.402957042       0.118118802      -0.003583659 
    0.118121680       5.456543033       0.021436001 
   -0.003577213       0.021436757       5.007674272 
    5.423596705       0.167545775      -0.015825210 
    0.167542408       5.409719377       0.032284508 
   -0.015818828       0.032281769       5.126854540 
    5.438514088       0.227589555      -0.025890460 
    0.227592501       5.441765225       0.023963917 
   -0.025884141       0.023961293       4.975310929 
    5.355838238       0.177693394       0.011049325 
    0.177699234       5.306563057       0.000656183 
    0.011047883       0.000658860       4.880872541 
    5.292942616       0.062608704       0.009211947 
    0.062605811       5.251053822       0.007915600 
    0.009210249       0.007907863       4.888393544 
    5.043865872      -0.035825805       0.009953807 
   -0.035816270       5.133683400      -0.015975280 
    0.009945870      -0.015974008       4.922584472 
    4.837624796      -0.106419231      -0.024436288 
   -0.106407194       4.967279569      -0.024098693 
   -0.024434531      -0.024090151       4.906501894 
    5.157942761      -0.053409298       0.007006173 
   -0.053412885       5.097933525       0.038422226 
    0.007006329       0.038425548       4.956919557 
